-8.786637412147445536e-01 -4.982158605438018473e-01 -4.678384625682793230e-01 -5.026451327833274529e-01 9.072445939494998557e-01
-7.606219078775647846e-01 8.650851171644957649e-01 1.035265608364565049e+00 9.066515687444724747e-02 8.155448510171807719e-01
1.023707893681153003e+00 1.162221836348729331e+00 -2.486432030343152522e-01 -1.348755135816822603e+00 -1.159322535684699673e+00
-1.637053955212348422e+00 1.464345127249382594e+00 1.331144949553070556e-01 -4.942688222415548283e-01 -3.765355421720827378e-01
5.132603492042970839e-01 2.522082954050420822e-01 5.901693208591400897e-01 3.156614250616373574e-01 -5.964150961208741775e-01
1.820152883654009068e+00 2.328343908783460092e-01 3.402965096721516924e-01 8.166295327128297865e-02 -5.291657377262572876e-02
6.346010091333078584e-01 9.551993493807746649e-01 -3.567466782376824130e-01 1.391177965178163056e-01 4.403320745374308398e-01
1.654284521509844064e+00 -5.028072268866343730e-01 -3.045676054198898086e+00 4.802742566277667935e-01 -8.099073274850263071e-02
7.313881749818925693e-01 7.108783189021333770e-01 -1.818177830384034799e+00 -8.071731138604080202e-01 8.081898382866808950e-01
1.025645229721452445e+00 4.342377522638382614e-01 -4.133722090495483004e-01 1.887066698761655337e+00 -6.060310765102724373e-01
